0 0 0
0 100 1
0 200 2
0 300 3
0 400 4
0 500 5
0 600 6
100 0 7
100 200 8
100 300 9
100 400 10
100 600 11
200 0 12
200 100 13
200 200 14
200 300 15
200 400 16
200 500 17
200 600 18
300 0 19
300 100 20
300 200 21
300 300 22
300 400 23
300 500 24
300 600 25
400 0 26
400 100 27
400 200 28
400 300 29
400 400 30
400 500 31
400 600 32
500 0 33
500 200 34
500 300 35
500 400 36
500 600 37
600 0 38
600 100 39
600 200 40
600 300 41
600 400 42
600 500 43
600 600 44