4 22000
5 18500
6 17000
7 19000
8 23000
9 24000
10 16500
11 18000
12 15500
13 16500
14 24500
15 24500
16 23000
17 16000
18 19000
19 20000
20 18000
21 24000
22 20500
23 24000
24 20000
25 15500
26 20500
27 24500
28 22000
29 15500
30 18500
31 16000
32 23000
33 21500
34 18500
35 20500
36 16000
37 19500
38 24000
39 21000
40 16500
41 20000
42 19000
43 18500
44 16500
45 17500
46 23000
47 19500
48 19500
4 17500
5 19500
6 23500
7 16500
8 17500
9 21500
10 20500
11 18000
12 17000
13 16500
14 22000
15 23500
16 19500
17 24500
18 18000
19 15500
20 22500
21 15000
22 15000
23 16500
24 20000
25 16500
26 15000
27 20000
28 21500
29 24500
30 19000
31 24500
32 24500
33 17000
34 18500
35 16500
36 21000
37 19000
38 19500
39 17000
40 21500
41 15500
42 24500
43 15500
44 23000
45 22000
46 22500
47 17000
48 18500
4 17500
5 19500
6 23500
7 19000
8 22000
9 15500
10 15500
11 18000
12 22000
13 21000
14 19000
15 22500
16 16500
17 22000
18 17500
19 19500
20 15500
21 18500
22 19500
23 21000
24 16000
25 16500
26 15000
27 19500
28 22000
29 21500
30 23000
31 15500
32 21000
33 24500
34 18000
35 18000
36 22000
37 20500
38 24500
39 18500
40 23500
41 15500
42 23000
43 17000
44 19500
45 17000
46 24000
47 19000
48 17500
4 17500
5 19500
6 22000
7 16000
8 21000
9 23000
10 23000
11 16000
12 18000
13 16000
14 20000
15 17000
16 15000
17 21500
18 15000
19 20500
20 23500
21 21500
22 20500
23 17000
24 24500
25 24500
26 19500
27 17500
28 17000
29 16500
30 15500
31 22500
32 17500
33 22500
34 21500
35 17500
36 23000
37 24500
38 17000
39 24500
40 22000
41 16500
42 21000
43 24000
44 18500
45 19000
46 21000
47 22500
48 18000