174 267
171 175
172 245 278 204 92
172 245 277 186 100
175
176 174 267
175 31 278 204 92
175 31 277 186 100
180
182 176 174 267
180 31 278 204 92
180 31 277 186 100
186 100
192 275
192 278 204 92
189 214 201 45
193
193 31 278 204 92
195 182 176 174 267
193 31 277 186 100
197 100
199 246
198 192 278 204 92
198 189 214 201 45
204 92
201 45
205 108
208 275
211 100
216 275
210 89 283
214 201 45
217
217 14 224 152 92
217 9 50 205 108
217 15 273 171 175
220
224 152 92
220 9 50 205 108
220 15 273 171 175
225
228 151 76
225 7 284 91 299
225 2 96 208 275
230
234 151 76
237 284 91 299
233 96 208 275
238
240 174 267
245 278 204 92
245 277 186 100
246
248 186 100
248 192 278 204 92
248 189 214 201 45
257 267
255 175
258 278 204 92
258 277 186 100
259
261 186 100
266 278 204 92
263 214 201 45
267
273 171 175
268 50 204 92
268 50 205 108
275
278 204 92
278 201 45
277 186 100
283
284 91 299
289 234 151 76
284 87 208 275
297 283
298 299
291 87 201 45
291 87 208 275
299
300 89 283
300 87 201 45
300 87 208 275
307
308 55 192 275
307 22 300 89 283
307 18 112 201 45
32
32 5 228 151 76
32 7 284 91 299
32 2 96 208 275
35
39 224 152 92
35 9 50 205 108
35 15 273 171 175
40
43 228 151 76
40 7 284 91 299
40 2 96 208 275
45
50 204 92
50 205 108
50 208 275
53
55 192 275
55 192 278 204 92
55 189 214 201 45
64 267
65 275
60 204 92
60 205 108
69 225
66 76
70 237 284 91 299
70 233 96 208 275
71
74 248 186 100
71 31 278 204 92
72 182 176 174 267
76
80 152 92
78 50 205 108
83 273 171 175
89 283
91 299
87 201 45
87 208 275
92
96 201 45
93 91 299
96 208 275
100
103 192 275
105 210 89 283
105 214 201 45
108
109 89 283
112 201 45
111 192 275
116
116 22 300 89 283
116 18 112 201 45
116 16 55 192 275
119
122 297 283
119 18 112 201 45
119 16 55 192 275
124
127 300 89 283
124 18 112 201 45
124 16 55 192 275
129
133 298 299
129 5 228 151 76
129 2 96 208 275
136 283
138 299
136 289 234 151 76
136 284 87 208 275
139
143 284 91 299
139 5 228 151 76
139 2 96 208 275
144
148 273 171 175
144 14 224 152 92
144 9 50 205 108
152 92
151 76
149 50 205 108
149 50 208 275
157
159 171 175
157 14 224 152 92
157 9 50 205 108
166 92
164 76
165 91 299
168 208 275
