36 18 36 12 24 24 36 24 36 
12 24 18 12 18 24 12 24 24 18 
18 12 12 24 18 36 18 18 12 36 
18 18 18 24 18 18 24 12 18 18 24 
18 6 24 12 18 6 24 6 24 12 24 18 
18 24 18 24 6 12 18 12 12 6 6 24 
6 9 6 6 6 24 18 6 6 18 18 18 6 
12 18 6 24 18 6 18 9 12 12 6 24 6 
18 18 6 12 24 12 6 36 6 6 9 6 
6 18 6 18 12 36 24 6 6 12 
6 18 24 6 6 6 6 36 12 6 36 
18 24 36 9 18 36 18 36 
36 12 36 36 18 12 
18 6 9 12 6 6 36 24 18 
18 24 18 36 36 18 18 
18 12 24 12 36 24 
12 12 18 18 24 36 12 12 
24 18 36 9 18 36 
18 18 36 6 36 18 
18 24 18 36 36 36 
24 18 18 36 36 36 
24 12 12 36 36 18 
18 36 24 36 24 12 
