0 4 6 14 20 22 37 38 45
1 5 7 12 23 25 35 36 43
2 8 15 16 17 18 19 47 48
3 11 28 29 31 39 40 42 44
4 0 6 22
5 1 12 23 35 36
6 0 4 22 37 38
7 1 9 12 24 26 33 41 43
8 2 15 30 32 48
9 7 26 33 34 39 41 43 44
10 12 24 36 37 38
11 3 29 31 40 42
12 1 5 7 10 24 26 36 43
13 14 16 26 33 34 45 46 47
14 0 13 24 26 33 38 45 46
15 2 8 16 30 32 34 47 48
16 2 13 15 30 33 34 46 47
17 2 19 48
18 2 19 21 46 47
19 2 17 18 47 48
20 0 21 22 45 46
21 18 20 45 46 47
22 0 4 6 20 45
23 1 5 25 35 43
24 7 10 12 14 26 36 37 38
25 1 23 27 41 43
26 7 9 12 13 14 24 33 38
27 25 28 39 41 43
28 3 27 29 39 41
29 3 11 28 31 39
30 8 15 16 32 34 40 42 44
31 3 11 29
32 8 15 30 40 42
33 7 9 13 14 16 26 34 44
34 9 13 15 16 30 33 42 44
35 1 5 23
36 1 5 10 12 24
37 0 6 10 24 38
38 0 6 10 14 24 26 37 45
39 3 9 27 28 29 41 42 44
40 3 11 30 32 42
41 7 9 25 27 28 39 43 44
42 3 11 30 32 34 39 40 44
43 1 7 9 12 23 25 27 41
44 3 9 30 33 34 39 41 42
45 0 13 14 20 21 22 38 46
46 13 14 16 18 20 21 45 47
47 2 13 15 16 18 19 21 46
48 2 8 15 17 19
