100 100 0
500 100 1
100 500 2
500 500 3
0 0 4
500 0 5
100 0 6
400 200 7
200 600 8
400 300 9
300 0 10
500 600 11
400 100 12
200 300 13
200 200 14
200 500 15
200 400 16
0 600 17
0 400 18
0 500 19
0 200 20
0 300 21
0 100 22
600 100 23
300 100 24
600 200 25
300 200 26
600 300 27
600 400 28
600 500 29
300 500 30
600 600 31
300 600 32
300 300 33
300 400 34
600 0 35
400 0 36
200 0 37
200 100 38
500 400 39
400 600 40
500 300 41
400 500 42
500 200 43
400 400 44
100 200 45
100 300 46
100 400 47
100 600 48
