0
1
2
3
4
5
6
7
9
10
18
20
14
31
22
8
17
21
28
30
15
16
24
19
11
12
25
26
27
13
29
23
5 227
7 284
7 287
2 94
2 95
2 96
7 290
15 269
17 105
17 103
15 274
15 273
17 104
8
9
10
11
12
13
14
15
2
18
25
5
6
28
31
1
17
26
30
7
22
0
16
24
19
20
21
3
4
27
29
23
15 269
10 79
10 80
10 81
15 273
9 50
15 274
7 284
17 105
17 103
7 290
7 287
17 104
16
17
18
19
20
21
22
23
9
2
3
29
30
31
7
24
10
4
6
28
15
0
8
1
11
12
25
26
27
13
14
5
22 300
22 305
17 103
17 104
18 112
17 105
22 306
15 269
2 95
2 94
15 274
5 227
15 273
24
25
26
27
28
29
30
31
9
16
2
17
18
12
15
10
11
6
7
22
23
0
8
1
19
20
21
3
4
13
14
5
31 276
25 176
31 277
29 249
31 278
31 279
25 179
7 284
2 95
2 94
7 290
5 227
7 287
