15 31 17 275 100 7 299 283 267 
29 30 175 2 22 23 138 10 76 92 
14 64 16 65 19 4 5 136 25 26 
13 18 4 21 6 151 71 152 8 27 28 
0 16 1 305 69 166 103 279 24 298 11 12 
287 257 3 227 259 197 23 199 216 24 9 171 
45 176 16 273 211 24 89 94 0 290 104 8 139 
269 16 112 144 20 180 246 24 32 0 225 8 297 
95 0 16 193 274 35 119 24 8 217 91 108 
255 16 0 276 53 230 8 40 24 249 
157 0 80 16 66 307 116 24 8 284 124 
174 238 30 16 96 1 17 8 
15 18 6 8 105 25 
205 16 129 306 179 164 4 8 24 
16 1 5 8 24 300 220 
17 2 4 278 8 24 
79 15 17 3 24 186 10 204 
15 16 1 50 8 24 
15 16 1 277 8 25 
15 16 81 4 8 24 
15 208 16 1 8 24 
15 192 16 1 8 25 
16 1 5 24 201 9 
