35 3
35 10 37 0
35 4 6 2
35 20 8 1
19 1
19 38 42 20 35 3
19 36 21 39 47 0
19 1 27 10 7 2
20 35 3
20 8 1
20 35 10 37 0
20 35 4 6 2
36 1
36 21 39 47 0
36 21 27 20 35 3
36 21 44 10 7 2
37 0
37 10 35 3
37 10 7 2
37 10 27 1
21 1
21 39 47 0
21 27 20 35 3
21 44 10 7 2
22 14 3
22 8 1
22 20 35 10 37 0
22 20 35 4 6 2
38 1
38 42 20 35 3
38 36 21 39 47 0
38 8 27 10 7 2
23 0
23 24 26 28 2
23 9 37 10 35 3
23 9 37 10 27 1
39 47 0
39 21 1
39 21 27 20 35 3
39 21 44 10 7 2
24 0
24 26 28 2
24 9 37 10 35 3
24 9 37 10 27 1
40 3
40 4 6 2
40 35 10 37 0
40 35 20 8 1
41 40 3
41 6 2
41 40 35 10 37 0
41 40 35 20 8 1
25 2
25 4 35 3
25 4 35 10 37 0
25 4 35 20 8 1
26 24 0
26 28 2
26 28 6 4 35 3
26 28 7 10 27 1
42 1
42 20 35 3
42 20 35 10 37 0
42 20 35 4 6 2
11 35 3
11 6 2
11 10 37 0
11 10 27 1
27 1
27 20 35 3
27 10 37 0
27 10 7 2
28 2
28 26 24 0
28 6 4 35 3
28 7 10 27 1
12 37 0
12 21 1
12 37 10 35 3
12 37 10 7 2
29 3
29 40 4 6 2
29 40 35 10 37 0
29 40 35 20 8 1
13 1
13 39 47 0
13 21 27 20 35 3
13 21 44 10 7 2
30 2
30 28 26 24 0
30 28 6 4 35 3
30 28 7 10 27 1
14 3
14 20 8 1
14 20 35 10 37 0
14 20 35 4 6 2
31 3
31 4 6 2
31 40 35 10 37 0
31 40 35 20 8 1
15 3
15 20 8 1
15 35 10 37 0
15 35 4 6 2
16 2
16 18 25 4 35 3
16 30 28 26 24 0
16 2 7 10 27 1
32 35 3
32 8 1
32 10 37 0
32 10 7 2
33 0
33 0 37 10 35 3
33 23 24 26 28 2
33 45 17 39 21 1
17 0
17 39 21 1
17 37 10 35 3
17 37 10 7 2
34 3
34 3 35 10 37 0
34 29 40 4 6 2
34 3 35 20 8 1
18 2
18 25 4 35 3
18 30 28 26 24 0
18 6 7 10 27 1
4 35 3
4 6 2
4 35 10 37 0
4 35 20 8 1
6 2
6 4 35 3
6 11 10 37 0
6 7 10 27 1
5 3
5 14 20 8 1
5 15 35 10 37 0
5 29 40 4 6 2
8 1
8 20 35 3
8 21 39 47 0
8 27 10 7 2
7 2
7 4 35 3
7 10 37 0
7 10 27 1
10 35 3
10 37 0
10 7 2
10 27 1
9 0
9 26 28 2
9 37 10 35 3
9 37 10 27 1
44 37 0
44 21 1
44 10 35 3
44 10 7 2
43 37 0
43 7 2
43 37 10 35 3
43 37 10 27 1
46 2
46 26 24 0
46 28 6 4 35 3
46 28 7 10 27 1
45 0
45 17 39 21 1
45 17 37 10 35 3
45 23 24 26 28 2
48 37 0
48 7 2
48 10 35 3
48 10 27 1
47 0
47 39 21 1
47 12 37 10 35 3
47 12 37 10 7 2
