24
25
26
27
28
29
30
31
30 225
30 226
30 227
30 229
25 110
30 230
31 262
30 225 32
30 225 33
30 229 138
30 225 35
30 229 142
30 226 82
30 229 145
30 226 83
30 226 84
30 226 82 238
30 226 82 240
30 226 82 241
30 225 35 172
30 229 142 184
30 225 32 51
30 229 145 272
30 226 82 242
30 229 142 184 149
30 225 35 172 132
30 229 145 272 247
30 226 82 238 71
30 226 82 238 72
30 225 32 51 190
30 225 32 51 191
30 226 82 237 4
30 229 142 184 151
30 229 142 184 152
30 226 82 241 128
30 225 32 51 193
30 226 82 240 100
0
1
2
3
4
5
6
7
5 239
5 240
3 167
7 302
5 242
5 243
5 244
5 239 77
5 239 78
7 302 251
7 302 253
5 239 79
3 167 176
5 239 80
5 239 81
3 167 178
5 239 81 225
5 239 78 86
7 302 253 147
5 239 81 228
5 239 81 229
3 167 176 191
7 302 253 151
5 239 81 231
5 239 81 228 112
5 239 81 229 139
3 167 176 191 201
3 167 176 191 202
7 302 253 151 234
5 239 81 229 141
5 239 81 225 35
5 239 81 231 259
5 239 81 231 260
5 239 81 224 29
7 302 253 151 236
5 239 81 231 262
5 239 81 229 145
16
17
18
19
20
21
22
23
16 46
17 56
16 48
21 190
16 52
17 59
17 60
21 190 174
21 190 175
17 56 79
16 46 36
17 56 80
16 46 37
17 56 82
16 46 38
17 56 83
17 56 79 180
17 56 82 240
16 46 37 228
17 56 82 241
16 46 37 229
17 56 83 284
21 190 175 166
16 46 38 259
16 46 38 259 196
17 56 83 284 149
16 46 37 229 139
17 56 79 179 10
16 46 37 229 141
21 190 175 166 162
16 46 38 259 198
17 56 83 284 151
17 56 79 180 67
17 56 83 284 152
16 46 37 229 145
21 190 175 166 163
17 56 82 240 100
8
9
10
11
12
13
14
15
12 181
11 148
8 62
8 64
8 66
11 152
11 153
12 181 77
12 181 78
8 62 139
8 62 140
11 152 252
8 62 144
12 181 82
11 152 254
12 181 84
8 62 144 225
8 62 139 107
12 181 77 55
12 181 82 238
12 181 77 58
8 62 144 231
12 181 82 242
11 152 252 128
12 181 77 53 18
12 181 77 55 49
12 181 82 238 71
12 181 82 238 72
8 62 144 225 35
12 181 77 58 190
8 62 144 231 259
12 181 77 58 191
8 62 144 231 260
11 152 252 128 292
8 62 144 224 29
8 62 144 231 262
12 181 77 58 193
