224
226 82 237
225 32 45
229 138 61
135
137 249 270 144 224
136 235 152 254 299
135 12 181 77 53
144 224
138 61
144 226 82 237
144 225 32 45
232
235 152 254 299
235 150 183 144 224
235 153 281 77 53
237
239 81 224
239 77 53
239 79 179
146
152 254 299
150 183 144 224
153 281 77 53
155 106
154 61
157 144 226 82 237
157 144 225 32 45
245
249 270 144 224
248 235 152 254 299
246 65 181 77 53
159
161 167 176 187
160 74 239 81 224
160 74 239 79 179
254 299
253 146
253 150 183 144 224
253 153 281 77 53
164
167 176 187
165 74 239 81 224
165 74 239 79 179
255
256 32 45
261 226 82 237
261 229 138 61
267 255
264 45
267 261 226 82 237
267 261 229 138 61
169
170 37 224
170 37 226 82 237
170 37 229 138 61
175 164
176 187
176 188 46 37 224
176 189 56 79 179
268
270 144 224
270 144 226 82 237
270 144 225 32 45
90 224
86 45
88 82 237
88 79 179
179
183 144 224
181 82 237
181 77 53
187
190 175 164
188 46 37 224
189 56 79 179
97 237
95 146
97 239 81 224
97 239 77 53
195
199 256 32 45
199 261 226 82 237
199 261 229 138 61
101
105 254 299
103 150 183 144 224
103 153 281 77 53
200
203 190 175 164
203 188 46 37 224
203 189 56 79 179
106
109 138 61
109 144 226 82 237
109 144 225 32 45
205
206 32 45
208 261 226 82 237
208 261 229 138 61
111
114 138 61
117 226 82 237
117 225 32 45
119
120 133 170 37 224
121 203 190 175 164
119 17 56 79 179
216 224
210 61
211 82 237
211 77 53
218
218 5 239 81 224
219 161 167 176 187
220 290 126 253 146
122
126 253 146
125 239 81 224
125 239 77 53
221
221 30 226 82 237
223 199 256 32 45
221 30 229 138 61
130
133 170 37 224
134 203 190 175 164
131 47 56 79 179
37 224
32 45
37 226 82 237
37 229 138 61
45
46 37 224
48 88 82 237
47 56 79 179
40
41 109 138 61
42 117 226 82 237
43 199 256 32 45
61
62 144 224
63 152 254 299
65 181 77 53
53
54 37 224
56 82 237
56 79 179
81 224
82 237
77 53
79 179
69
73 176 187
74 239 81 224
74 239 79 179
287 237
284 146
281 81 224
281 77 53
278 237
273 53
278 239 81 224
278 239 79 179
294
295 175 164
296 188 46 37 224
296 189 56 79 179
289
290 126 253 146
290 125 239 81 224
291 161 167 176 187
309 237
304 53
306 81 224
306 79 179
299
302 253 146
300 97 239 81 224
300 97 239 77 53
