0 10
1 8
2 6
3 1
4 2
5 11
6 5
7 4
8 8
9 8
10 11
11 1
12 3
13 6
14 1
15 10
16 6
17 3
18 4
19 1
20 11
21 9
22 8
23 5
24 8
25 11
26 1
27 11
28 9
29 5
30 6
31 3
32 9
37 3
40 11
45 11
46 8
48 4
52 1
53 1
56 8
59 6
60 4
61 11
62 4
64 1
66 11
69 5
77 8
79 11
81 5
82 3
86 3
90 7
95 8
97 4
101 11
106 3
110 6
111 9
119 9
122 1
130 11
135 3
138 5
144 11
146 5
148 7
152 1
153 10
154 2
155 9
159 11
164 3
167 11
169 3
175 8
176 1
179 4
181 10
187 7
190 4
195 5
200 1
205 1
210 1
216 4
218 7
221 4
224 1
225 1
226 1
227 11
229 9
230 8
232 9
237 8
239 1
240 5
242 10
243 2
244 6
245 1
253 3
254 8
255 7
262 11
264 1
267 9
268 7
273 1
278 11
284 11
287 1
289 11
294 6
299 1
302 11
304 11
309 8
