4 4400.0
5 3700.0
6 3400.0
7 3800.0
8 4600.0
9 4800.0
10 3300.0
11 3600.0
12 3100.0
13 3300.0
14 4900.0
15 4900.0
16 4600.0
17 3200.0
18 3800.0
19 4000.0
20 3600.0
21 4800.0
22 4100.0
23 4800.0
24 4000.0
25 3100.0
26 4100.0
27 4900.0
28 4400.0
29 3100.0
30 3700.0
31 3200.0
32 4600.0
33 4300.0
34 3700.0
35 4100.0
36 3200.0
37 3900.0
38 4800.0
39 4200.0
40 3300.0
41 4000.0
42 3800.0
43 3700.0
44 3300.0
45 3500.0
46 4600.0
47 3900.0
48 3900.0
4 3500.0
5 3900.0
6 4700.0
7 3300.0
8 3500.0
9 4300.0
10 4100.0
11 3600.0
12 3400.0
13 3300.0
14 4400.0
15 4700.0
16 3900.0
17 4900.0
18 3600.0
19 3100.0
20 4500.0
21 3000.0
22 3000.0
23 3300.0
24 4000.0
25 3300.0
26 3000.0
27 4000.0
28 4300.0
29 4900.0
30 3800.0
31 4900.0
32 4900.0
33 3400.0
34 3700.0
35 3300.0
36 4200.0
37 3800.0
38 3900.0
39 3400.0
40 4300.0
41 3100.0
42 4900.0
43 3100.0
44 4600.0
45 4400.0
46 4500.0
47 3400.0
48 3700.0
4 3500.0
5 3900.0
6 4700.0
7 3800.0
8 4400.0
9 3100.0
10 3100.0
11 3600.0
12 4400.0
13 4200.0
14 3800.0
15 4500.0
16 3300.0
17 4400.0
18 3500.0
19 3900.0
20 3100.0
21 3700.0
22 3900.0
23 4200.0
24 3200.0
25 3300.0
26 3000.0
27 3900.0
28 4400.0
29 4300.0
30 4600.0
31 3100.0
32 4200.0
33 4900.0
34 3600.0
35 3600.0
36 4400.0
37 4100.0
38 4900.0
39 3700.0
40 4700.0
41 3100.0
42 4600.0
43 3400.0
44 3900.0
45 3400.0
46 4800.0
47 3800.0
48 3500.0
4 3500.0
5 3900.0
6 4400.0
7 3200.0
8 4200.0
9 4600.0
10 4600.0
11 3200.0
12 3600.0
13 3200.0
14 4000.0
15 3400.0
16 3000.0
17 4300.0
18 3000.0
19 4100.0
20 4700.0
21 4300.0
22 4100.0
23 3400.0
24 4900.0
25 4900.0
26 3900.0
27 3500.0
28 3400.0
29 3300.0
30 3100.0
31 4500.0
32 3500.0
33 4500.0
34 4300.0
35 3500.0
36 4600.0
37 4900.0
38 3400.0
39 4900.0
40 4400.0
41 3300.0
42 4200.0
43 4800.0
44 3700.0
45 3800.0
46 4200.0
47 4500.0
48 3600.0
