100 100 0
500 100 1
100 500 2
500 500 3
300 500 4
600 500 5
200 500 6
200 400 7
500 200 8
100 200 9
300 300 10
300 400 11
300 100 12
400 0 13
600 400 14
500 400 15
0 600 16
200 100 17
100 600 18
600 0 19
500 300 20
400 100 21
600 300 22
0 100 23
0 200 24
200 600 25
0 300 26
400 200 27
100 400 28
500 600 29
0 500 30
400 600 31
400 300 32
0 0 33
600 600 34
400 400 35
500 0 36
200 200 37
600 100 38
300 0 39
400 500 40
300 600 41
600 200 42
100 300 43
300 200 44
100 0 45
0 400 46
200 0 47
200 300 48
