24
25
26
27
28
29
30
31
16
17
8
20
12
5
15
0
1
19
11
21
14
9
18
10
2
3
22
4
13
6
23
7
30 225
30 226
30 227
30 229
25 110
30 230
31 262
5 243
5 244
5 240
5 242
3 167
7 302
0
1
2
3
4
5
6
7
17
9
11
12
21
30
23
16
8
26
22
13
31
24
25
18
19
10
20
27
28
29
14
15
5 239
5 240
3 167
7 302
5 242
5 243
5 244
30 227
30 230
30 225
30 229
25 110
31 262
16
17
18
19
20
21
22
23
0
3
12
28
30
5
31
8
26
1
11
2
27
24
9
25
10
4
29
13
14
15
6
7
16 46
17 56
16 48
21 190
16 52
17 59
17 60
30 230
5 243
5 240
30 229
25 110
7 302
8
9
10
11
12
13
14
15
17
25
26
1
30
5
7
24
16
0
21
31
6
18
19
2
3
20
27
22
28
4
29
23
12 181
11 148
8 62
8 64
8 66
11 152
11 153
30 227
5 244
30 225
5 242
3 167
31 262
