0 9 0
0 17 1
0 23 2
0 24 3
0 33 4
0 37 5
0 45 6
0 47 7
1 8 8
1 13 9
1 19 10
1 21 11
1 27 12
1 36 13
1 38 14
1 42 15
2 6 16
2 7 17
2 16 18
2 18 19
2 25 20
2 28 21
2 30 22
2 46 23
3 5 24
3 14 25
3 15 26
3 29 27
3 31 28
3 34 29
3 35 30
3 40 31
4 6 32
4 35 37
5 3 40
6 2 45
6 4 46
6 11 48
6 41 52
7 2 53
7 10 56
7 43 59
7 48 60
8 1 61
8 20 62
8 22 64
8 32 66
9 0 69
10 7 77
10 27 79
10 35 81
10 37 82
11 6 86
11 35 90
12 21 95
12 37 97
13 1 101
14 3 106
14 22 110
15 3 111
16 2 119
17 0 122
18 2 130
19 1 135
20 8 138
20 35 144
21 1 146
21 12 148
21 39 152
21 44 153
22 8 154
22 14 155
23 0 159
24 0 164
24 26 167
25 2 169
26 24 175
26 28 176
27 1 179
27 10 181
28 2 187
28 26 190
29 3 195
30 2 200
31 3 205
32 8 210
32 35 216
33 0 218
34 3 221
35 3 224
35 4 225
35 10 226
35 11 227
35 20 229
35 32 230
36 1 232
37 0 237
37 10 239
37 12 240
37 43 242
37 44 243
37 48 244
38 1 245
39 21 253
39 47 254
40 3 255
40 41 262
41 6 264
41 40 267
42 1 268
43 7 273
43 37 278
44 21 284
44 37 287
45 0 289
46 2 294
47 0 299
47 39 302
48 7 304
48 37 309
