146 2 3 224 69 24 17 245 5 45 61 
284 164 40 30 167 61 31 25 237 21 19 287 14 45 16 
40 69 29 61 26 4 144 23 0 11 13 45 46 
1 299 28 37 40 187 110 64 200 97 45 61 
27 106 22 53 69 12 302 6 61 8 
195 254 40 264 268 130 32 61 244 175 154 289 7 
225 56 243 40 159 138 18 245 20 218 45 15 
210 309 40 69 122 169 9 155 81 45 61 
119 101 205 27 176 294 69 229 152 62 
119 255 86 179 227 69 10 200 
119 40 242 69 52 216 289 268 
119 221 240 25 135 226 159 230 232 304 
60 253 90 40 122 278 95 262 45 61 
148 159 40 82 45 61 31 
135 106 69 17 66 45 
135 40 69 79 45 31 
135 40 69 153 45 31 
40 53 122 77 5 61 
135 40 53 69 181 31 
106 69 17 267 45 61 
239 69 111 11 48 45 61 
59 40 122 45 61 31 
40 122 190 45 61 31 
40 69 273 45 61 31 
