146 2 3 224 69 24 17 245 5 45 61 116394.0
284 164 40 30 167 61 31 25 237 21 19 287 14 45 16 138064.0
40 69 29 61 26 4 144 23 0 11 13 45 46 116207.0
1 299 28 37 40 187 110 64 200 97 45 61 71175.0
27 106 22 53 69 12 302 6 61 8 95458.0
195 254 40 264 268 130 32 61 244 175 154 289 7 42462.0
225 56 243 40 159 138 18 245 20 218 45 15 78150.0
210 309 40 69 122 169 9 155 81 45 61 20155.0
119 101 205 27 176 294 69 229 152 62 41200.0
119 255 86 179 227 69 10 200 42924.0
119 40 242 69 52 216 289 268 19292.0
119 221 240 25 135 226 159 230 232 304 44112.0
60 253 90 40 122 278 95 262 45 61 16082.0
148 159 40 82 45 61 31 6889.0
135 106 69 17 66 45 12408.0
135 40 69 79 45 31 4330.0
135 40 69 153 45 31 9511.0
40 53 122 77 5 61 17530.0
135 40 53 69 181 31 8016.0
106 69 17 267 45 61 8187.0
239 69 111 11 48 45 61 14988.0
59 40 122 45 61 31 6972.0
40 122 190 45 61 31 5732.0
40 69 273 45 61 31 4062.0
