0 9 0
0 17 1
0 23 2
0 24 3
0 33 4
0 37 5
0 45 6
0 47 7
1 8 8
1 13 9
1 19 10
1 21 11
1 27 12
1 36 13
1 38 14
1 42 15
2 6 16
2 7 17
2 16 18
2 18 19
2 25 20
2 28 21
2 30 22
2 46 23
3 5 24
3 14 25
3 15 26
3 29 27
3 31 28
3 34 29
3 35 30
3 40 31
4 6 32
4 7 33
4 11 34
4 25 35
4 31 36
4 35 37
4 40 38
4 41 39
5 3 40
5 14 41
5 15 42
5 29 43
5 34 44
6 2 45
6 4 46
6 7 47
6 11 48
6 18 49
6 25 50
6 28 51
6 41 52
7 2 53
7 4 54
7 6 55
7 10 56
7 11 57
7 28 58
7 43 59
7 48 60
8 1 61
8 20 62
8 21 63
8 22 64
8 27 65
8 32 66
8 38 67
8 42 68
9 0 69
9 17 70
9 23 71
9 24 72
9 26 73
9 37 74
9 43 75
9 48 76
10 7 77
10 11 78
10 27 79
10 32 80
10 35 81
10 37 82
10 44 83
10 48 84
11 4 85
11 6 86
11 7 87
11 10 88
11 32 89
11 35 90
11 40 91
11 48 92
12 13 93
12 17 94
12 21 95
12 27 96
12 37 97
12 39 98
12 44 99
12 47 100
13 1 101
13 12 102
13 21 103
13 36 104
13 39 105
14 3 106
14 5 107
14 15 108
14 20 109
14 22 110
15 3 111
15 5 112
15 14 113
15 20 114
15 22 115
15 32 116
15 35 117
15 40 118
16 2 119
16 18 120
16 30 121
17 0 122
17 9 123
17 12 124
17 37 125
17 39 126
17 44 127
17 45 128
17 47 129
18 2 130
18 6 131
18 16 132
18 25 133
18 30 134
19 1 135
19 36 136
19 38 137
20 8 138
20 14 139
20 15 140
20 22 141
20 27 142
20 32 143
20 35 144
20 42 145
21 1 146
21 8 147
21 12 148
21 13 149
21 27 150
21 36 151
21 39 152
21 44 153
22 8 154
22 14 155
22 15 156
22 20 157
22 42 158
23 0 159
23 9 160
23 24 161
23 33 162
23 45 163
24 0 164
24 9 165
24 23 166
24 26 167
24 43 168
25 2 169
25 4 170
25 6 171
25 18 172
25 41 173
26 9 174
26 24 175
26 28 176
26 43 177
26 46 178
27 1 179
27 8 180
27 10 181
27 12 182
27 20 183
27 21 184
27 32 185
27 44 186
28 2 187
28 6 188
28 7 189
28 26 190
28 30 191
28 43 192
28 46 193
28 48 194
29 3 195
29 5 196
29 31 197
29 34 198
29 40 199
30 2 200
30 16 201
30 18 202
30 28 203
30 46 204
31 3 205
31 4 206
31 29 207
31 40 208
31 41 209
32 8 210
32 10 211
32 11 212
32 15 213
32 20 214
32 27 215
32 35 216
32 44 217
33 0 218
33 23 219
33 45 220
34 3 221
34 5 222
34 29 223
35 3 224
35 4 225
35 10 226
35 11 227
35 15 228
35 20 229
35 32 230
35 40 231
36 1 232
36 13 233
36 19 234
36 21 235
36 38 236
37 0 237
37 9 238
37 10 239
37 12 240
37 17 241
37 43 242
37 44 243
37 48 244
38 1 245
38 8 246
38 19 247
38 36 248
38 42 249
39 12 250
39 13 251
39 17 252
39 21 253
39 47 254
40 3 255
40 4 256
40 11 257
40 15 258
40 29 259
40 31 260
40 35 261
40 41 262
41 4 263
41 6 264
41 25 265
41 31 266
41 40 267
42 1 268
42 8 269
42 20 270
42 22 271
42 38 272
43 7 273
43 9 274
43 24 275
43 26 276
43 28 277
43 37 278
43 46 279
43 48 280
44 10 281
44 12 282
44 17 283
44 21 284
44 27 285
44 32 286
44 37 287
44 48 288
45 0 289
45 17 290
45 23 291
45 33 292
45 47 293
46 2 294
46 26 295
46 28 296
46 30 297
46 43 298
47 0 299
47 12 300
47 17 301
47 39 302
47 45 303
48 7 304
48 9 305
48 10 306
48 11 307
48 28 308
48 37 309
48 43 310
48 44 311
