27 43 1
27 28 3
27 39 44 33 14 0
27 39 44 30 15 2
28 3
28 27 43 1
28 3 44 33 14 0
28 3 44 30 15 2
29 3
29 28 27 43 1
29 3 44 33 14 0
29 3 44 30 15 2
30 15 2
30 44 3
30 44 33 14 0
30 34 33 7 1
31 3
31 3 44 33 14 0
31 29 28 27 43 1
31 3 44 30 15 2
32 15 2
32 40 3
32 30 44 33 14 0
32 30 34 33 7 1
33 14 0
33 7 1
33 16 2
33 44 3
34 15 2
34 44 3
34 13 45 0
34 33 7 1
35 1
35 1 36 24 14 0
35 1 7 33 16 2
35 1 43 27 28 3
36 1
36 24 14 0
36 1 7 33 16 2
36 1 43 27 28 3
37 0
37 24 12 1
37 0 45 13 47 2
37 0 14 33 44 3
38 0
38 24 12 1
38 45 13 47 2
38 14 33 44 3
39 3
39 27 43 1
39 44 33 14 0
39 44 30 15 2
40 3
40 30 15 2
40 30 44 33 14 0
40 30 34 33 7 1
41 43 1
41 28 3
41 44 33 14 0
41 44 30 15 2
42 3
42 30 15 2
42 44 33 14 0
42 34 33 7 1
43 1
43 27 28 3
43 7 33 14 0
43 7 33 16 2
44 3
44 33 14 0
44 33 7 1
44 30 15 2
45 0
45 13 47 2
45 38 24 12 1
45 13 33 44 3
46 45 0
46 47 2
46 13 33 7 1
46 13 33 44 3
47 2
47 13 45 0
47 13 33 7 1
47 13 33 44 3
48 2
48 8 30 44 3
48 2 47 13 45 0
48 2 16 33 7 1
4 0
4 0 37 24 12 1
4 0 45 13 47 2
4 0 14 33 44 3
5 1
5 36 24 14 0
5 1 7 33 16 2
5 1 43 27 28 3
6 0
6 37 24 12 1
6 0 45 13 47 2
6 0 14 33 44 3
7 1
7 33 14 0
7 33 16 2
7 33 44 3
8 2
8 30 44 3
8 30 44 33 14 0
8 30 34 33 7 1
9 43 1
9 44 3
9 33 14 0
9 33 16 2
10 37 0
10 12 1
10 38 45 13 47 2
10 38 14 33 44 3
11 3
11 40 30 15 2
11 3 44 33 14 0
11 29 28 27 43 1
12 1
12 24 14 0
12 7 33 16 2
12 43 27 28 3
13 45 0
13 47 2
13 33 7 1
13 33 44 3
14 0
14 33 7 1
14 13 47 2
14 33 44 3
15 2
15 30 44 3
15 34 13 45 0
15 34 33 7 1
16 2
16 13 45 0
16 33 7 1
16 30 44 3
17 2
17 2 47 13 45 0
17 2 16 33 7 1
17 2 8 30 44 3
18 2
18 46 45 0
18 2 16 33 7 1
18 2 8 30 44 3
19 2
19 47 13 45 0
19 2 16 33 7 1
19 2 8 30 44 3
20 0
20 46 47 2
20 0 37 24 12 1
20 0 14 33 44 3
21 45 0
21 47 2
21 45 38 24 12 1
21 45 13 33 44 3
22 0
22 45 13 47 2
22 0 37 24 12 1
22 0 14 33 44 3
23 1
23 43 27 28 3
23 1 36 24 14 0
23 1 7 33 16 2
24 14 0
24 12 1
24 7 33 16 2
24 7 33 44 3
25 1
25 27 28 3
25 1 36 24 14 0
25 1 7 33 16 2
26 14 0
26 12 1
26 13 47 2
26 33 44 3
