0
1
2
3
4
5
6
7
5 227
7 284
7 287
2 94
2 95
2 96
7 290
2 96 201
2 96 202
2 94 151
7 284 85
7 290 294
7 284 88
2 94 154
2 96 208
7 284 91
2 94 154 221
7 284 88 211
7 284 91 304
2 96 208 277
2 96 208 280
2 96 208 281
2 96 208 282
2 96 201 52
2 96 208 277 185
2 96 208 275 24
7 284 91 299 19
2 94 154 220 11
2 94 154 220 12
2 96 208 280 240
2 96 208 275 25
2 96 208 275 26
2 96 208 275 27
2 96 208 277 188
2 94 154 220 13
2 96 208 277 190
7 284 91 299 23
8
9
10
11
12
13
14
15
15 269
10 79
10 80
10 81
15 273
9 50
15 274
9 50 203
9 50 204
9 50 205
15 273 171
9 50 207
10 80 155
10 80 156
15 273 172
9 50 208
10 80 155 226
9 50 207 211
15 273 171 177
9 50 207 213
9 50 207 215
10 80 156 237
9 50 203 90
9 50 203 91
10 80 155 225 0
9 50 207 213 185
15 273 171 177 181
9 50 205 108 19
9 50 205 108 20
9 50 205 108 21
10 80 155 225 3
10 80 156 237 287
10 80 155 225 4
15 273 171 177 183
9 50 207 213 188
9 50 207 213 190
9 50 205 108 23
16
17
18
19
20
21
22
23
22 300
22 305
17 103
17 104
18 112
17 105
22 306
18 112 201
18 112 202
22 300 84
22 306 295
22 300 86
17 103 190
17 103 191
17 103 192
22 300 89
17 103 190 247
18 112 201 47
22 300 89 288
18 112 201 48
22 300 89 289
17 103 192 280
17 103 192 281
18 112 201 52
22 300 89 283 0
18 112 201 45 8
22 300 89 283 1
22 300 89 289 232
18 112 201 45 11
18 112 201 45 12
17 103 192 280 240
17 103 192 275 25
17 103 192 275 26
17 103 192 275 27
18 112 201 45 13
18 112 201 45 14
22 300 89 283 5
24
25
26
27
28
29
30
31
31 276
25 176
31 277
29 249
31 278
31 279
25 179
31 278 201
31 277 185
31 278 203
31 278 204
31 277 186
31 277 187
25 176 170
31 278 206
25 176 174
25 176 174 270
25 176 174 271
31 278 201 48
31 278 204 97
31 278 203 89
31 278 203 90
31 278 203 91
31 277 185 57
31 278 204 92 0
25 176 174 267 8
31 278 204 92 1
31 278 204 97 232
31 277 185 53 19
31 277 185 53 20
31 277 185 53 21
31 278 204 92 3
31 278 203 89 287
31 278 204 92 4
25 176 174 267 13
25 176 174 267 14
31 278 204 92 5
