0 4
0 6
0 14
0 20
0 22
0 37
0 38
0 45
0 37 10
0 45 13
0 45 21
0 14 24
0 14 26
0 14 33
0 45 46
0 14 33 7
0 14 33 9
0 14 24 12
0 45 13 16
0 45 46 18
0 45 13 34
0 14 24 36
0 14 33 44
0 45 13 47
0 14 24 36 5
0 45 13 34 15
0 45 13 47 19
0 14 33 44 30
0 14 33 44 39
0 14 33 44 41
0 14 33 44 42
0 14 33 7 43
0 14 33 44 30 8
0 14 33 44 3 11
0 45 13 47 2 17
0 14 24 36 1 23
0 14 24 36 1 25
0 14 33 44 39 27
0 14 33 44 3 28
0 14 33 44 3 29
0 14 33 44 3 31
0 14 33 44 30 32
0 14 24 36 1 35
0 14 33 44 30 40
0 45 13 47 2 48
1 5
1 7
1 12
1 23
1 25
1 35
1 36
1 43
1 43 9
1 12 10
1 12 24
1 12 26
1 43 27
1 7 33
1 43 41
1 7 33 13
1 7 33 14
1 7 33 16
1 43 27 28
1 7 33 34
1 12 24 37
1 12 24 38
1 43 27 39
1 7 33 44
1 12 24 37 6
1 7 33 34 15
1 43 27 28 29
1 7 33 34 30
1 7 33 34 42
1 12 24 38 45
1 7 33 13 46
1 7 33 13 47
1 12 24 37 0 4
1 7 33 34 30 8
1 43 27 28 29 11
1 7 33 16 2 17
1 7 33 16 2 18
1 7 33 16 2 19
1 12 24 37 0 20
1 12 24 38 45 21
1 12 24 37 0 22
1 43 27 28 29 31
1 7 33 34 30 32
1 7 33 34 30 40
1 7 33 16 2 48
2 8
2 15
2 16
2 17
2 18
2 19
2 47
2 48
2 47 13
2 47 21
2 15 30
2 15 32
2 16 33
2 15 34
2 47 46
2 16 33 7
2 16 33 9
2 47 13 14
2 47 46 20
2 47 13 26
2 15 30 40
2 15 30 42
2 15 30 44
2 47 13 45
2 15 30 40 11
2 16 33 7 12
2 47 13 45 22
2 16 33 7 24
2 47 13 45 38
2 15 30 44 39
2 15 30 44 41
2 16 33 7 43
2 47 13 45 0 4
2 16 33 7 1 5
2 47 13 45 0 6
2 47 13 45 38 10
2 16 33 7 1 23
2 16 33 7 1 25
2 15 30 44 39 27
2 15 30 44 3 28
2 15 30 44 3 29
2 15 30 44 3 31
2 16 33 7 1 35
2 16 33 7 1 36
2 47 13 45 0 37
3 11
3 28
3 29
3 31
3 39
3 40
3 42
3 44
3 44 9
3 28 27
3 44 30
3 40 32
3 44 33
3 44 34
3 28 41
3 44 33 7
3 44 30 8
3 44 33 13
3 44 33 14
3 44 30 15
3 44 30 16
3 28 27 25
3 44 33 26
3 28 27 43
3 28 27 43 12
3 28 27 43 23
3 44 33 7 24
3 44 33 14 38
3 44 33 13 45
3 44 33 13 46
3 44 33 13 47
3 44 30 8 48
3 44 33 14 0 4
3 28 27 43 1 5
3 44 33 14 0 6
3 44 33 14 38 10
3 44 30 8 2 17
3 44 30 8 2 18
3 44 30 8 2 19
3 44 33 14 0 20
3 44 33 13 45 21
3 44 33 14 0 22
3 28 27 43 1 35
3 28 27 43 1 36
3 44 33 14 0 37
