0 8.809888844741087
1 8.809888844741087
2 8.809888844741087
3 9.851361626021378
4 9.851361626021378
5 9.851361626021378
6 8.809888844741087
7 9.851361626021378
8 8.809888844741087
9 9.851361626021378
10 9.851361626021378
11 8.809888844741087
12 9.851361626021378
13 8.809888844741087
14 8.809888844741087
15 9.851361626021378
16 8.809888844741087
17 9.851361626021378
18 9.851361626021378
19 8.809888844741087
20 9.851361626021378
21 8.809888844741087
22 8.809888844741087
23 9.851361626021378
24 8.809888844741087
25 9.851361626021378
26 8.809888844741087
27 8.809888844741087
28 9.851361626021378
29 9.851361626021378
30 9.851361626021378
31 8.809888844741087
32 8.809888844741087
37 9.851361626021378
40 8.809888844741087
45 8.809888844741087
46 8.809888844741087
48 9.851361626021378
52 9.851361626021378
53 9.851361626021378
56 9.851361626021378
59 9.851361626021378
60 8.809888844741087
61 8.809888844741087
62 8.809888844741087
64 9.851361626021378
66 9.851361626021378
69 8.809888844741087
77 9.851361626021378
79 9.851361626021378
81 9.851361626021378
82 9.851361626021378
86 9.851361626021378
90 8.809888844741087
95 8.809888844741087
97 9.851361626021378
101 9.851361626021378
106 9.851361626021378
110 8.809888844741087
111 8.809888844741087
119 9.851361626021378
122 8.809888844741087
130 8.809888844741087
135 9.851361626021378
138 8.809888844741087
144 9.851361626021378
146 8.809888844741087
148 8.809888844741087
152 9.851361626021378
153 9.851361626021378
154 9.851361626021378
155 8.809888844741087
159 8.809888844741087
164 9.851361626021378
167 8.809888844741087
169 9.851361626021378
175 8.809888844741087
176 9.851361626021378
179 9.851361626021378
181 9.851361626021378
187 8.809888844741087
190 9.851361626021378
195 8.809888844741087
200 8.809888844741087
205 9.851361626021378
210 9.851361626021378
216 8.809888844741087
218 9.851361626021378
221 9.851361626021378
224 9.851361626021378
225 9.851361626021378
226 9.851361626021378
227 8.809888844741087
229 9.851361626021378
230 8.809888844741087
232 8.809888844741087
237 9.851361626021378
239 9.851361626021378
240 9.851361626021378
242 9.851361626021378
243 8.809888844741087
244 8.809888844741087
245 8.809888844741087
253 9.851361626021378
254 8.809888844741087
255 8.809888844741087
262 9.851361626021378
264 9.851361626021378
267 9.851361626021378
268 9.851361626021378
273 9.851361626021378
278 9.851361626021378
284 9.851361626021378
287 8.809888844741087
289 8.809888844741087
294 9.851361626021378
299 9.851361626021378
302 8.809888844741087
304 8.809888844741087
309 8.809888844741087
