0 4
1 8
2 6
3 1
4 11
5 1
6 7
7 9
8 2
9 10
10 8
11 11
12 4
13 7
14 6
15 11
16 8
17 11
18 4
19 2
20 1
21 11
22 9
23 5
24 11
25 3
26 8
27 6
28 10
29 5
30 1
31 8
32 9
35 9
40 5
45 1
50 2
53 3
64 1
65 11
66 1
69 11
71 1
76 1
79 3
80 10
81 6
89 11
91 3
92 11
94 4
95 9
96 4
100 1
103 5
104 3
105 10
108 7
112 11
116 5
119 11
124 1
129 3
136 6
138 1
139 6
144 11
151 11
152 1
157 5
164 5
166 2
171 6
174 11
175 11
176 1
179 11
180 9
186 6
192 11
193 3
197 1
199 8
201 4
204 9
205 1
208 6
211 8
216 5
217 1
220 7
225 1
227 6
230 11
238 7
246 4
249 11
255 9
257 2
259 11
267 4
269 7
273 9
274 6
275 1
276 3
277 10
278 7
279 1
283 3
284 8
287 11
290 1
297 5
298 11
299 6
300 4
305 1
306 8
307 9
