224 202800.0
237 146000.0
144 101400.0
287 73000.0
146 64000.0
30 63300.0
5 60900.0
61 54200.0
37 50700.0
45 47400.0
97 36500.0
53 35300.0
284 33700.0
16 29000.0
25 28300.0
3 28300.0
7 28200.0
31 27500.0
154 27100.0
8 26400.0
17 25200.0
264 23700.0
11 23400.0
21 20600.0
12 20100.0
15 19600.0
23 19200.0
2 19200.0
0 19200.0
22 18400.0
28 18000.0
29 17200.0
4 17200.0
13 16800.0
24 15600.0
14 15600.0
138 15450.0
229 14100.0
19 14000.0
6 14000.0
32 13900.0
26 13600.0
27 13200.0
20 13200.0
18 13200.0
9 13200.0
1 12800.0
302 12600.0
10 12400.0
167 12300.0
110 12300.0
106 11800.0
244 11700.0
81 11650.0
242 11100.0
255 10900.0
230 10500.0
225 10500.0
262 9900.0
243 9900.0
299 9600.0
227 9600.0
179 9400.0
240 9300.0
309 9150.0
304 9150.0
164 9000.0
95 8700.0
155 7700.0
187 7000.0
216 6950.0
210 6950.0
200 4900.0
86 4900.0
66 4900.0
289 4800.0
254 4800.0
90 4700.0
79 4700.0
253 4600.0
226 4600.0
218 4600.0
153 4600.0
82 4600.0
77 4600.0
130 4500.0
62 4500.0
40 4500.0
245 4400.0
268 4300.0
169 4300.0
119 4200.0
205 4100.0
181 4100.0
101 4000.0
294 3900.0
267 3800.0
159 3700.0
135 3700.0
195 3600.0
48 3600.0
176 3500.0
111 3500.0
60 3500.0
46 3500.0
152 3400.0
148 3400.0
122 3400.0
59 3400.0
239 3300.0
221 3300.0
232 3100.0
69 3100.0
56 3100.0
52 3100.0
190 3000.0
175 3000.0
64 3000.0
278 2350.0
273 2350.0
