0 9 17 23 24 33 37 45 47
1 8 13 19 21 27 36 38 42
2 6 7 16 18 25 28 30 46
3 5 14 15 29 31 34 35 40
4 6 7 11 25 31 35 40 41
5 3 14 15 29 34
6 2 4 7 11 18 25 28 41
7 2 4 6 10 11 28 43 48
8 1 20 21 22 27 32 38 42
9 0 17 23 24 26 37 43 48
10 7 11 27 32 35 37 44 48
11 4 6 7 10 32 35 40 48
12 13 17 21 27 37 39 44 47
13 1 12 21 36 39
14 3 5 15 20 22
15 3 5 14 20 22 32 35 40
16 2 18 30
17 0 9 12 37 39 44 45 47
18 2 6 16 25 30
19 1 36 38
20 8 14 15 22 27 32 35 42
21 1 8 12 13 27 36 39 44
22 8 14 15 20 42
23 0 9 24 33 45
24 0 9 23 26 43
25 2 4 6 18 41
26 9 24 28 43 46
27 1 8 10 12 20 21 32 44
28 2 6 7 26 30 43 46 48
29 3 5 31 34 40
30 2 16 18 28 46
31 3 4 29 40 41
32 8 10 11 15 20 27 35 44
33 0 23 45
34 3 5 29
35 3 4 10 11 15 20 32 40
36 1 13 19 21 38
37 0 9 10 12 17 43 44 48
38 1 8 19 36 42
39 12 13 17 21 47
40 3 4 11 15 29 31 35 41
41 4 6 25 31 40
42 1 8 20 22 38
43 7 9 24 26 28 37 46 48
44 10 12 17 21 27 32 37 48
45 0 17 23 33 47
46 2 26 28 30 43
47 0 12 17 39 45
48 7 9 10 11 28 37 43 44
