0 4 0
0 6 1
0 14 2
0 20 3
0 22 4
0 37 5
0 38 6
0 45 7
1 5 8
1 7 9
1 12 10
1 23 11
1 25 12
1 35 13
1 36 14
1 43 15
2 8 16
2 15 17
2 16 18
2 17 19
2 18 20
2 19 21
2 47 22
2 48 23
3 11 24
3 28 25
3 29 26
3 31 27
3 39 28
3 40 29
3 42 30
3 44 31
4 0 32
5 1 35
6 0 40
7 1 45
7 33 50
8 2 53
9 43 64
9 44 65
10 12 66
10 37 69
11 3 71
12 1 76
12 10 79
12 24 80
12 26 81
13 45 89
13 47 91
14 0 92
14 24 94
14 26 95
14 33 96
15 2 100
15 30 103
15 32 104
15 34 105
16 2 108
16 33 112
17 2 116
18 2 119
19 2 124
20 0 129
21 45 136
21 47 138
22 0 139
23 1 144
24 12 151
24 14 152
25 1 157
26 12 164
26 14 166
27 28 171
27 43 174
28 3 175
28 27 176
28 41 179
29 3 180
30 15 186
30 44 192
31 3 193
32 15 197
32 40 199
33 7 201
33 14 204
33 16 205
33 44 208
34 15 211
34 44 216
35 1 217
36 1 220
37 0 225
37 10 227
38 0 230
39 3 238
40 3 246
40 32 249
41 28 255
41 43 257
42 3 259
43 1 267
43 9 269
43 27 273
43 41 274
44 3 275
44 9 276
44 30 277
44 33 278
44 34 279
45 0 283
45 13 284
45 21 287
45 46 290
46 45 297
46 47 298
47 2 299
47 13 300
47 21 305
47 46 306
48 2 307
