25 3 254 224 159 230 18 5 45 
205 237 37 169 302 287 16 
2 40 53 144 122 154 155 32 31 
4 28 21 40 159 227 169 
210 244 40 53 122 0 229 264 29 
243 22 40 23 122 169 6 167 
240 1 205 26 242 169 289 262 
299 225 175 40 53 19 289 304 
119 146 205 164 254 309 159 24 66 216 20 
106 11 218 30 200 97 61 
135 86 284 106 176 159 77 110 13 152 
27 106 159 17 187 245 14 7 
221 135 253 69 52 273 81 130 8 
226 159 190 169 79 245 95 12 
255 60 294 138 122 245 5 15 
135 278 169 9 64 48 
135 56 90 40 169 10 46 
59 179 148 122 111 5 45 
40 122 153 5 45 61 
195 122 11 232 82 45 
239 26 40 122 245 45 62 181 
40 122 5 268 45 
101 40 69 45 31 
106 53 69 267 61 16 
